0000000270841698
0000000213863595
0000000311473355
0000000096238514
0000000055747642
0000000027858499
0000000220724758
0000000213809262
0000000179228259
0000000210636356
0000000929851183
0000000730634309
0000000545411308
0000000016463240
0000000412739483
0000000290052380
0000000181662948
0000000185951039
0000000038886749
0000000793668005
0000000168486056
0000000258300311
0000000248853622
0000000184712474
0000000152459743
0000000131031440
0000000049047679
0000000064006120
0000000012019298
0000000572765132
0000000074866296
0000000254228414
0000000233315115
0000000832016377
0000000143552731
0000000976129944
0000000095503345
0000000764011160
0000000163349491
0000000323789972
0000000177256888
0000000455650092
0000000006498228
0000000183746681
0000000371246436
0000000499972788
0000000363217659
0000000063961473
0000000549682000
0000000704833509
0000000595784592
0000000179548353
0000000163717838
0000000021663438
0000000186897271
0000000063667932
0000000253063981
0000000405215553
0000000524919865
0000000129285469
0000000505205046
0000000473706365
0000000458944316
0000000384260859
0000000058923529
0000000199286480
0000000016924183
0000000340217987
0000000303905626
0000000078041175
0000000140665784
0000000050591841
0000000071884763
0000000145641229
0000000706735556
0000000220803846
0000000076383719
0000000010485939
0000000182488502
0000000008623879
0000000005112805
0000000782609745
0000000549946794
0000000043201746
0000000070627283
0000000297046958
0000000346390270
0000000136667305
0000000307371665
0000000016908671
0000000067820223
0000000420976747
0000000095594592
0000000012773306
0000000830140348
0000000102672771
0000000160841885
0000000380860812
0000000708380453
0000000022440584
